{
  "cells": [
    {
      "cell_type": "code",
      "execution_count": null,
      "metadata": {
        "colab": {
          "base_uri": "https://localhost:8080/"
        },
        "id": "88WsxVysrCSY",
        "outputId": "726babe7-acbf-4a1f-ca74-fd0b8d24ebf8"
      },
      "outputs": [
        {
          "output_type": "stream",
          "name": "stdout",
          "text": [
            "Mounted at /content/drive\n"
          ]
        }
      ],
      "source": [
        "from google.colab import drive\n",
        "drive.mount('/content/drive')"
      ]
    },
    {
      "cell_type": "code",
      "execution_count": null,
      "metadata": {
        "id": "tp2FCM7yq-5P"
      },
      "outputs": [],
      "source": [
        "import plotly.express as px\n",
        "import numpy as np\n",
        "import pandas as pd\n",
        "import matplotlib.pyplot as plt\n",
        "import seaborn as sns"
      ]
    },
    {
      "cell_type": "code",
      "execution_count": null,
      "metadata": {
        "id": "JWd9qxX_q-5Q"
      },
      "outputs": [],
      "source": [
        "df = pd.read_csv(\"/content/drive/MyDrive/df_final_csv.csv\")"
      ]
    },
    {
      "cell_type": "code",
      "execution_count": null,
      "metadata": {
        "colab": {
          "base_uri": "https://localhost:8080/"
        },
        "id": "L6C1J9Muq-5R",
        "outputId": "cfc9b5b8-653a-4273-c8d9-56f7a379869e"
      },
      "outputs": [
        {
          "output_type": "execute_result",
          "data": {
            "text/plain": [
              "Index(['Unnamed: 0', 'date_1', 'date_2', 'station', 'PM2.5', 'PM10', 'NO',\n",
              "       'NO2', 'NOx', 'NH3', 'SO2', 'CO', 'Ozone', 'Benzene', 'WS', 'WD',\n",
              "       'TOT-RF', 'PM10_24hr_avg', 'PM2.5_24hr_avg', 'SO2_24hr_avg',\n",
              "       'NOx_24hr_avg', 'NH3_24hr_avg', 'CO_8hr_max', 'Ozone_8hr_max',\n",
              "       'PM2.5_μg', 'PM10_μg', 'SO2_μg', 'NOx_μg', 'NH3_μg', 'Ozone_μg',\n",
              "       'CO_μg', 'Checks', 'AQI_calculated', 'AQI_bucket_calculated'],\n",
              "      dtype='object')"
            ]
          },
          "metadata": {},
          "execution_count": 153
        }
      ],
      "source": [
        "df.columns"
      ]
    },
    {
      "cell_type": "code",
      "execution_count": null,
      "metadata": {
        "id": "OPEMUrP2q-5S"
      },
      "outputs": [],
      "source": [
        "corr_cols = ['PM2.5', 'PM10', 'NO', 'NO2', 'NOx', 'NH3',\n",
        "             'SO2', 'CO', 'Ozone', 'Benzene', 'WS', 'WD',\n",
        "             'station', 'PM2.5_μg', 'PM10_μg', 'SO2_μg', 'NOx_μg',\n",
        "             'NH3_μg', 'Ozone_μg', 'CO_μg', 'AQI_calculated', 'AQI_bucket_calculated']\n",
        "data = df[corr_cols]"
      ]
    },
    {
      "cell_type": "code",
      "execution_count": null,
      "metadata": {
        "colab": {
          "base_uri": "https://localhost:8080/"
        },
        "id": "B9n0JwCJq-5S",
        "outputId": "afb76138-f4c8-47b7-b288-922a3d0c028e"
      },
      "outputs": [
        {
          "output_type": "execute_result",
          "data": {
            "text/plain": [
              "   PM2.5   PM10     NO    NO2     NOx    NH3    SO2    CO  Ozone  Benzene  \\\n",
              "0  81.27  251.0  74.94  50.55  125.48  40.01   9.95  1.87   6.76     0.05   \n",
              "1  81.00  251.0  75.58  49.01  124.60  41.14  11.93  1.93   3.44     0.19   \n",
              "2  81.00  251.0  86.29  45.26  131.55  40.99  12.48  1.97   3.39     0.38   \n",
              "\n",
              "   ...  station  PM2.5_μg PM10_μg  SO2_μg  NOx_μg  NH3_μg  Ozone_μg  CO_μg  \\\n",
              "0  ...  airport       0.0     0.0     0.0     0.0     0.0      6.76   93.5   \n",
              "1  ...  airport       0.0     0.0     0.0     0.0     0.0      6.76   96.5   \n",
              "2  ...  airport       0.0     0.0     0.0     0.0     0.0      6.76   98.5   \n",
              "\n",
              "   AQI_calculated  AQI_bucket_calculated  \n",
              "0               0                      0  \n",
              "1               0                      0  \n",
              "2               0                      0  \n",
              "\n",
              "[3 rows x 22 columns]"
            ],
            "text/html": [
              "\n",
              "  <div id=\"df-9f4ad693-dfaf-481b-b925-51c07907817a\">\n",
              "    <div class=\"colab-df-container\">\n",
              "      <div>\n",
              "<style scoped>\n",
              "    .dataframe tbody tr th:only-of-type {\n",
              "        vertical-align: middle;\n",
              "    }\n",
              "\n",
              "    .dataframe tbody tr th {\n",
              "        vertical-align: top;\n",
              "    }\n",
              "\n",
              "    .dataframe thead th {\n",
              "        text-align: right;\n",
              "    }\n",
              "</style>\n",
              "<table border=\"1\" class=\"dataframe\">\n",
              "  <thead>\n",
              "    <tr style=\"text-align: right;\">\n",
              "      <th></th>\n",
              "      <th>PM2.5</th>\n",
              "      <th>PM10</th>\n",
              "      <th>NO</th>\n",
              "      <th>NO2</th>\n",
              "      <th>NOx</th>\n",
              "      <th>NH3</th>\n",
              "      <th>SO2</th>\n",
              "      <th>CO</th>\n",
              "      <th>Ozone</th>\n",
              "      <th>Benzene</th>\n",
              "      <th>...</th>\n",
              "      <th>station</th>\n",
              "      <th>PM2.5_μg</th>\n",
              "      <th>PM10_μg</th>\n",
              "      <th>SO2_μg</th>\n",
              "      <th>NOx_μg</th>\n",
              "      <th>NH3_μg</th>\n",
              "      <th>Ozone_μg</th>\n",
              "      <th>CO_μg</th>\n",
              "      <th>AQI_calculated</th>\n",
              "      <th>AQI_bucket_calculated</th>\n",
              "    </tr>\n",
              "  </thead>\n",
              "  <tbody>\n",
              "    <tr>\n",
              "      <th>0</th>\n",
              "      <td>81.27</td>\n",
              "      <td>251.0</td>\n",
              "      <td>74.94</td>\n",
              "      <td>50.55</td>\n",
              "      <td>125.48</td>\n",
              "      <td>40.01</td>\n",
              "      <td>9.95</td>\n",
              "      <td>1.87</td>\n",
              "      <td>6.76</td>\n",
              "      <td>0.05</td>\n",
              "      <td>...</td>\n",
              "      <td>airport</td>\n",
              "      <td>0.0</td>\n",
              "      <td>0.0</td>\n",
              "      <td>0.0</td>\n",
              "      <td>0.0</td>\n",
              "      <td>0.0</td>\n",
              "      <td>6.76</td>\n",
              "      <td>93.5</td>\n",
              "      <td>0</td>\n",
              "      <td>0</td>\n",
              "    </tr>\n",
              "    <tr>\n",
              "      <th>1</th>\n",
              "      <td>81.00</td>\n",
              "      <td>251.0</td>\n",
              "      <td>75.58</td>\n",
              "      <td>49.01</td>\n",
              "      <td>124.60</td>\n",
              "      <td>41.14</td>\n",
              "      <td>11.93</td>\n",
              "      <td>1.93</td>\n",
              "      <td>3.44</td>\n",
              "      <td>0.19</td>\n",
              "      <td>...</td>\n",
              "      <td>airport</td>\n",
              "      <td>0.0</td>\n",
              "      <td>0.0</td>\n",
              "      <td>0.0</td>\n",
              "      <td>0.0</td>\n",
              "      <td>0.0</td>\n",
              "      <td>6.76</td>\n",
              "      <td>96.5</td>\n",
              "      <td>0</td>\n",
              "      <td>0</td>\n",
              "    </tr>\n",
              "    <tr>\n",
              "      <th>2</th>\n",
              "      <td>81.00</td>\n",
              "      <td>251.0</td>\n",
              "      <td>86.29</td>\n",
              "      <td>45.26</td>\n",
              "      <td>131.55</td>\n",
              "      <td>40.99</td>\n",
              "      <td>12.48</td>\n",
              "      <td>1.97</td>\n",
              "      <td>3.39</td>\n",
              "      <td>0.38</td>\n",
              "      <td>...</td>\n",
              "      <td>airport</td>\n",
              "      <td>0.0</td>\n",
              "      <td>0.0</td>\n",
              "      <td>0.0</td>\n",
              "      <td>0.0</td>\n",
              "      <td>0.0</td>\n",
              "      <td>6.76</td>\n",
              "      <td>98.5</td>\n",
              "      <td>0</td>\n",
              "      <td>0</td>\n",
              "    </tr>\n",
              "  </tbody>\n",
              "</table>\n",
              "<p>3 rows × 22 columns</p>\n",
              "</div>\n",
              "      <button class=\"colab-df-convert\" onclick=\"convertToInteractive('df-9f4ad693-dfaf-481b-b925-51c07907817a')\"\n",
              "              title=\"Convert this dataframe to an interactive table.\"\n",
              "              style=\"display:none;\">\n",
              "        \n",
              "  <svg xmlns=\"http://www.w3.org/2000/svg\" height=\"24px\"viewBox=\"0 0 24 24\"\n",
              "       width=\"24px\">\n",
              "    <path d=\"M0 0h24v24H0V0z\" fill=\"none\"/>\n",
              "    <path d=\"M18.56 5.44l.94 2.06.94-2.06 2.06-.94-2.06-.94-.94-2.06-.94 2.06-2.06.94zm-11 1L8.5 8.5l.94-2.06 2.06-.94-2.06-.94L8.5 2.5l-.94 2.06-2.06.94zm10 10l.94 2.06.94-2.06 2.06-.94-2.06-.94-.94-2.06-.94 2.06-2.06.94z\"/><path d=\"M17.41 7.96l-1.37-1.37c-.4-.4-.92-.59-1.43-.59-.52 0-1.04.2-1.43.59L10.3 9.45l-7.72 7.72c-.78.78-.78 2.05 0 2.83L4 21.41c.39.39.9.59 1.41.59.51 0 1.02-.2 1.41-.59l7.78-7.78 2.81-2.81c.8-.78.8-2.07 0-2.86zM5.41 20L4 18.59l7.72-7.72 1.47 1.35L5.41 20z\"/>\n",
              "  </svg>\n",
              "      </button>\n",
              "      \n",
              "  <style>\n",
              "    .colab-df-container {\n",
              "      display:flex;\n",
              "      flex-wrap:wrap;\n",
              "      gap: 12px;\n",
              "    }\n",
              "\n",
              "    .colab-df-convert {\n",
              "      background-color: #E8F0FE;\n",
              "      border: none;\n",
              "      border-radius: 50%;\n",
              "      cursor: pointer;\n",
              "      display: none;\n",
              "      fill: #1967D2;\n",
              "      height: 32px;\n",
              "      padding: 0 0 0 0;\n",
              "      width: 32px;\n",
              "    }\n",
              "\n",
              "    .colab-df-convert:hover {\n",
              "      background-color: #E2EBFA;\n",
              "      box-shadow: 0px 1px 2px rgba(60, 64, 67, 0.3), 0px 1px 3px 1px rgba(60, 64, 67, 0.15);\n",
              "      fill: #174EA6;\n",
              "    }\n",
              "\n",
              "    [theme=dark] .colab-df-convert {\n",
              "      background-color: #3B4455;\n",
              "      fill: #D2E3FC;\n",
              "    }\n",
              "\n",
              "    [theme=dark] .colab-df-convert:hover {\n",
              "      background-color: #434B5C;\n",
              "      box-shadow: 0px 1px 3px 1px rgba(0, 0, 0, 0.15);\n",
              "      filter: drop-shadow(0px 1px 2px rgba(0, 0, 0, 0.3));\n",
              "      fill: #FFFFFF;\n",
              "    }\n",
              "  </style>\n",
              "\n",
              "      <script>\n",
              "        const buttonEl =\n",
              "          document.querySelector('#df-9f4ad693-dfaf-481b-b925-51c07907817a button.colab-df-convert');\n",
              "        buttonEl.style.display =\n",
              "          google.colab.kernel.accessAllowed ? 'block' : 'none';\n",
              "\n",
              "        async function convertToInteractive(key) {\n",
              "          const element = document.querySelector('#df-9f4ad693-dfaf-481b-b925-51c07907817a');\n",
              "          const dataTable =\n",
              "            await google.colab.kernel.invokeFunction('convertToInteractive',\n",
              "                                                     [key], {});\n",
              "          if (!dataTable) return;\n",
              "\n",
              "          const docLinkHtml = 'Like what you see? Visit the ' +\n",
              "            '<a target=\"_blank\" href=https://colab.research.google.com/notebooks/data_table.ipynb>data table notebook</a>'\n",
              "            + ' to learn more about interactive tables.';\n",
              "          element.innerHTML = '';\n",
              "          dataTable['output_type'] = 'display_data';\n",
              "          await google.colab.output.renderOutput(dataTable, element);\n",
              "          const docLink = document.createElement('div');\n",
              "          docLink.innerHTML = docLinkHtml;\n",
              "          element.appendChild(docLink);\n",
              "        }\n",
              "      </script>\n",
              "    </div>\n",
              "  </div>\n",
              "  "
            ]
          },
          "metadata": {},
          "execution_count": 155
        }
      ],
      "source": [
        "data.head(n=3)\n"
      ]
    },
    {
      "cell_type": "code",
      "execution_count": null,
      "metadata": {
        "id": "jRBme1PSq-5S",
        "colab": {
          "base_uri": "https://localhost:8080/",
          "height": 1000
        },
        "outputId": "3b5f135f-de95-4d42-be06-8423f2d42d54"
      },
      "outputs": [
        {
          "output_type": "display_data",
          "data": {
            "text/html": [
              "<html>\n",
              "<head><meta charset=\"utf-8\" /></head>\n",
              "<body>\n",
              "    <div>            <script src=\"https://cdnjs.cloudflare.com/ajax/libs/mathjax/2.7.5/MathJax.js?config=TeX-AMS-MML_SVG\"></script><script type=\"text/javascript\">if (window.MathJax && window.MathJax.Hub && window.MathJax.Hub.Config) {window.MathJax.Hub.Config({SVG: {font: \"STIX-Web\"}});}</script>                <script type=\"text/javascript\">window.PlotlyConfig = {MathJaxConfig: 'local'};</script>\n",
              "        <script src=\"https://cdn.plot.ly/plotly-2.18.2.min.js\"></script>                <div id=\"39faf4ef-f38e-4725-9e2f-76c2aa540598\" class=\"plotly-graph-div\" style=\"height:1400px; width:1400px;\"></div>            <script type=\"text/javascript\">                                    window.PLOTLYENV=window.PLOTLYENV || {};                                    if (document.getElementById(\"39faf4ef-f38e-4725-9e2f-76c2aa540598\")) {                    Plotly.newPlot(                        \"39faf4ef-f38e-4725-9e2f-76c2aa540598\",                        [{\"coloraxis\":\"coloraxis\",\"name\":\"0\",\"x\":[\"PM2.5\",\"PM10\",\"NO\",\"NO2\",\"NOx\",\"NH3\",\"SO2\",\"CO\",\"Ozone\",\"Benzene\",\"WS\",\"WD\",\"PM2.5_\\u03bcg\",\"PM10_\\u03bcg\",\"SO2_\\u03bcg\",\"NOx_\\u03bcg\",\"NH3_\\u03bcg\",\"Ozone_\\u03bcg\",\"CO_\\u03bcg\",\"AQI_calculated\"],\"y\":[\"PM2.5\",\"PM10\",\"NO\",\"NO2\",\"NOx\",\"NH3\",\"SO2\",\"CO\",\"Ozone\",\"Benzene\",\"WS\",\"WD\",\"PM2.5_\\u03bcg\",\"PM10_\\u03bcg\",\"SO2_\\u03bcg\",\"NOx_\\u03bcg\",\"NH3_\\u03bcg\",\"Ozone_\\u03bcg\",\"CO_\\u03bcg\",\"AQI_calculated\"],\"z\":[[1.0,0.645185012700427,0.07319413773138259,0.280698604383997,0.1962383891317852,0.24276254445515053,0.14795735302023366,0.22530659272835515,0.1538045727698877,0.02051645631669088,-0.13429739535289337,-0.1271346856427918,0.812026266242067,0.5686282463528044,0.1408998854998994,0.17639065008903995,0.251082164673035,0.16662919553779046,0.21917366441570507,0.6865823747475908],[0.645185012700427,1.0,0.1425376794096724,0.26952778486371853,0.2662325895382342,0.14293100839872838,0.1598674123135468,0.2193009850076902,0.20053097404735562,-0.004264768094577401,-0.04630228725955712,-0.0058622201918014935,0.5617937877504591,0.7925800730849479,0.1464550964366088,0.2482722538545708,0.13870353173036953,0.2057896403667599,0.21991576721357856,0.6636377996003769],[0.07319413773138259,0.1425376794096724,1.0,0.15935463359206858,0.7748048771285935,0.176434461611981,0.16448855744032126,0.021141145226651253,-0.035720133207444334,0.009114847985207954,0.04657623814344986,-0.12721367044626616,0.031371805447401896,0.135493112820635,0.1681215891074306,0.6873384907102077,0.13804666714863378,-0.037142525026881756,-0.03330404085986382,0.21068219692888154],[0.280698604383997,0.26952778486371853,0.15935463359206858,1.0,0.5481949114328283,0.5028129637051568,0.35863858325010894,0.25372994453384917,0.17637540484875014,0.0616256260327281,-0.011199607634743024,-0.06341978042532077,0.2695554228741761,0.25147102885900363,0.38218824569397597,0.4980118168235217,0.48511278439485417,0.22187831125756494,0.22108569169804185,0.3478970447148518],[0.1962383891317852,0.2662325895382342,0.7748048771285935,0.5481949114328283,1.0,0.37708875190200125,0.30300910589973956,0.15296350067126954,0.07199787101839618,0.03951482216279995,0.05011739601818667,-0.11923309407946554,0.15521489592358637,0.2444691066617844,0.3119591541940726,0.8509374334033483,0.3389229572804585,0.09927745738406524,0.1030813300552337,0.35746537408099993],[0.24276254445515053,0.14293100839872838,0.176434461611981,0.5028129637051568,0.37708875190200125,1.0,0.23675705683311385,0.29308673327038265,0.041530099538637386,0.12215831053320328,-0.019633148617620794,-0.030594000802082192,0.2550065827465725,0.12552347688613585,0.2642095267902288,0.3222673721656127,0.8953116966965478,0.08566572562401611,0.2868813516710404,0.2742046497554715],[0.14795735302023366,0.1598674123135468,0.16448855744032126,0.35863858325010894,0.30300910589973956,0.23675705683311385,1.0,0.07516683520284057,0.17875446275454285,0.022968297704296755,0.17700971768486012,-0.05598026356075899,0.13418044382111727,0.1463731370090114,0.8282669036149041,0.29823612939046945,0.2369355637943366,0.18259578197778512,0.05133227383308255,0.20955783676683531],[0.22530659272835515,0.2193009850076902,0.021141145226651253,0.25372994453384917,0.15296350067126954,0.29308673327038265,0.07516683520284057,1.0,-0.045340444767484715,0.04020913397513667,-0.1488491427715941,0.11280069981531418,0.24581317143536377,0.1883725746329533,0.06760453082069863,0.08775874470662184,0.2875697538419414,-0.013081804380269454,0.8503195412333111,0.2958718623504446],[0.1538045727698877,0.20053097404735562,-0.035720133207444334,0.17637540484875014,0.07199787101839618,0.041530099538637386,0.17875446275454285,-0.045340444767484715,1.0,0.06988569127831915,0.07687986317565597,-0.08681586264051597,0.2137999095480694,0.2608673855941064,0.20833719694453293,0.1440957376003649,0.05811091969735565,0.8658565570008561,-0.06492372794444813,0.2935264881965831],[0.02051645631669088,-0.004264768094577401,0.009114847985207954,0.0616256260327281,0.03951482216279995,0.12215831053320328,0.022968297704296755,0.04020913397513667,0.06988569127831915,1.0,0.048047149727556325,-0.019860082078794465,0.044043933508184405,0.015068077120093665,0.03619712317717072,0.056846305814804876,0.13788403484717113,0.08533043253129763,0.056130368459112526,0.03396852264336514],[-0.13429739535289337,-0.04630228725955712,0.04657623814344986,-0.011199607634743024,0.05011739601818667,-0.019633148617620794,0.17700971768486012,-0.1488491427715941,0.07687986317565597,0.048047149727556325,1.0,0.21844143079775127,-0.12234990218888994,-0.029210762380996767,0.22988087415966824,0.10676141082930433,-0.019321437729457484,0.058753372194367444,-0.11196649413124711,-0.04590558662517524],[-0.1271346856427918,-0.0058622201918014935,-0.12721367044626616,-0.06341978042532077,-0.11923309407946554,-0.030594000802082192,-0.05598026356075899,0.11280069981531418,-0.08681586264051597,-0.019860082078794465,0.21844143079775127,1.0,-0.11107297828015705,-0.007168412634893697,-0.05029280761459856,-0.12563879642312317,-0.02097520870803952,-0.05988992270112788,0.19915975074915182,-0.04903779839353082],[0.812026266242067,0.5617937877504591,0.031371805447401896,0.2695554228741761,0.15521489592358637,0.2550065827465725,0.13418044382111727,0.24581317143536377,0.2137999095480694,0.044043933508184405,-0.12234990218888994,-0.11107297828015705,1.0,0.6695345294738541,0.1653611326606493,0.18755787064657348,0.2864650606912104,0.2236148514910513,0.26124072096332696,0.8390531853300732],[0.5686282463528044,0.7925800730849479,0.135493112820635,0.25147102885900363,0.2444691066617844,0.12552347688613585,0.1463731370090114,0.1883725746329533,0.2608673855941064,0.015068077120093665,-0.029210762380996767,-0.007168412634893697,0.6695345294738541,1.0,0.184663829086517,0.29754270916988484,0.14550114036011827,0.26029875777333583,0.20987946992872403,0.8126535154932479],[0.1408998854998994,0.1464550964366088,0.1681215891074306,0.38218824569397597,0.3119591541940726,0.2642095267902288,0.8282669036149041,0.06760453082069863,0.20833719694453293,0.03619712317717072,0.22988087415966824,-0.05029280761459856,0.1653611326606493,0.184663829086517,1.0,0.3594927813813868,0.28962921910525385,0.22780693408806726,0.05761339367789541,0.25544617753282944],[0.17639065008903995,0.2482722538545708,0.6873384907102077,0.4980118168235217,0.8509374334033483,0.3222673721656127,0.29823612939046945,0.08775874470662184,0.1440957376003649,0.056846305814804876,0.10676141082930433,-0.12563879642312317,0.18755787064657348,0.29754270916988484,0.3594927813813868,1.0,0.3685897872939292,0.1576065853647419,0.07312844590477158,0.41907127398696337],[0.251082164673035,0.13870353173036953,0.13804666714863378,0.48511278439485417,0.3389229572804585,0.8953116966965478,0.2369355637943366,0.2875697538419414,0.05811091969735565,0.13788403484717113,-0.019321437729457484,-0.02097520870803952,0.2864650606912104,0.14550114036011827,0.28962921910525385,0.3685897872939292,1.0,0.10143861277482132,0.30316881391153344,0.31004785104216154],[0.16662919553779046,0.2057896403667599,-0.037142525026881756,0.22187831125756494,0.09927745738406524,0.08566572562401611,0.18259578197778512,-0.013081804380269454,0.8658565570008561,0.08533043253129763,0.058753372194367444,-0.05988992270112788,0.2236148514910513,0.26029875777333583,0.22780693408806726,0.1576065853647419,0.10143861277482132,1.0,-0.01325336640015353,0.3238449021783012],[0.21917366441570507,0.21991576721357856,-0.03330404085986382,0.22108569169804185,0.1030813300552337,0.2868813516710404,0.05133227383308255,0.8503195412333111,-0.06492372794444813,0.056130368459112526,-0.11196649413124711,0.19915975074915182,0.26124072096332696,0.20987946992872403,0.05761339367789541,0.07312844590477158,0.30316881391153344,-0.01325336640015353,1.0,0.32205811572735005],[0.6865823747475908,0.6636377996003769,0.21068219692888154,0.3478970447148518,0.35746537408099993,0.2742046497554715,0.20955783676683531,0.2958718623504446,0.2935264881965831,0.03396852264336514,-0.04590558662517524,-0.04903779839353082,0.8390531853300732,0.8126535154932479,0.25544617753282944,0.41907127398696337,0.31004785104216154,0.3238449021783012,0.32205811572735005,1.0]],\"type\":\"heatmap\",\"xaxis\":\"x\",\"yaxis\":\"y\",\"hovertemplate\":\"x: %{x}<br>y: %{y}<br>color: %{z}<extra></extra>\"}],                        {\"template\":{\"data\":{\"histogram2dcontour\":[{\"type\":\"histogram2dcontour\",\"colorbar\":{\"outlinewidth\":0,\"ticks\":\"\"},\"colorscale\":[[0.0,\"#0d0887\"],[0.1111111111111111,\"#46039f\"],[0.2222222222222222,\"#7201a8\"],[0.3333333333333333,\"#9c179e\"],[0.4444444444444444,\"#bd3786\"],[0.5555555555555556,\"#d8576b\"],[0.6666666666666666,\"#ed7953\"],[0.7777777777777778,\"#fb9f3a\"],[0.8888888888888888,\"#fdca26\"],[1.0,\"#f0f921\"]]}],\"choropleth\":[{\"type\":\"choropleth\",\"colorbar\":{\"outlinewidth\":0,\"ticks\":\"\"}}],\"histogram2d\":[{\"type\":\"histogram2d\",\"colorbar\":{\"outlinewidth\":0,\"ticks\":\"\"},\"colorscale\":[[0.0,\"#0d0887\"],[0.1111111111111111,\"#46039f\"],[0.2222222222222222,\"#7201a8\"],[0.3333333333333333,\"#9c179e\"],[0.4444444444444444,\"#bd3786\"],[0.5555555555555556,\"#d8576b\"],[0.6666666666666666,\"#ed7953\"],[0.7777777777777778,\"#fb9f3a\"],[0.8888888888888888,\"#fdca26\"],[1.0,\"#f0f921\"]]}],\"heatmap\":[{\"type\":\"heatmap\",\"colorbar\":{\"outlinewidth\":0,\"ticks\":\"\"},\"colorscale\":[[0.0,\"#0d0887\"],[0.1111111111111111,\"#46039f\"],[0.2222222222222222,\"#7201a8\"],[0.3333333333333333,\"#9c179e\"],[0.4444444444444444,\"#bd3786\"],[0.5555555555555556,\"#d8576b\"],[0.6666666666666666,\"#ed7953\"],[0.7777777777777778,\"#fb9f3a\"],[0.8888888888888888,\"#fdca26\"],[1.0,\"#f0f921\"]]}],\"heatmapgl\":[{\"type\":\"heatmapgl\",\"colorbar\":{\"outlinewidth\":0,\"ticks\":\"\"},\"colorscale\":[[0.0,\"#0d0887\"],[0.1111111111111111,\"#46039f\"],[0.2222222222222222,\"#7201a8\"],[0.3333333333333333,\"#9c179e\"],[0.4444444444444444,\"#bd3786\"],[0.5555555555555556,\"#d8576b\"],[0.6666666666666666,\"#ed7953\"],[0.7777777777777778,\"#fb9f3a\"],[0.8888888888888888,\"#fdca26\"],[1.0,\"#f0f921\"]]}],\"contourcarpet\":[{\"type\":\"contourcarpet\",\"colorbar\":{\"outlinewidth\":0,\"ticks\":\"\"}}],\"contour\":[{\"type\":\"contour\",\"colorbar\":{\"outlinewidth\":0,\"ticks\":\"\"},\"colorscale\":[[0.0,\"#0d0887\"],[0.1111111111111111,\"#46039f\"],[0.2222222222222222,\"#7201a8\"],[0.3333333333333333,\"#9c179e\"],[0.4444444444444444,\"#bd3786\"],[0.5555555555555556,\"#d8576b\"],[0.6666666666666666,\"#ed7953\"],[0.7777777777777778,\"#fb9f3a\"],[0.8888888888888888,\"#fdca26\"],[1.0,\"#f0f921\"]]}],\"surface\":[{\"type\":\"surface\",\"colorbar\":{\"outlinewidth\":0,\"ticks\":\"\"},\"colorscale\":[[0.0,\"#0d0887\"],[0.1111111111111111,\"#46039f\"],[0.2222222222222222,\"#7201a8\"],[0.3333333333333333,\"#9c179e\"],[0.4444444444444444,\"#bd3786\"],[0.5555555555555556,\"#d8576b\"],[0.6666666666666666,\"#ed7953\"],[0.7777777777777778,\"#fb9f3a\"],[0.8888888888888888,\"#fdca26\"],[1.0,\"#f0f921\"]]}],\"mesh3d\":[{\"type\":\"mesh3d\",\"colorbar\":{\"outlinewidth\":0,\"ticks\":\"\"}}],\"scatter\":[{\"fillpattern\":{\"fillmode\":\"overlay\",\"size\":10,\"solidity\":0.2},\"type\":\"scatter\"}],\"parcoords\":[{\"type\":\"parcoords\",\"line\":{\"colorbar\":{\"outlinewidth\":0,\"ticks\":\"\"}}}],\"scatterpolargl\":[{\"type\":\"scatterpolargl\",\"marker\":{\"colorbar\":{\"outlinewidth\":0,\"ticks\":\"\"}}}],\"bar\":[{\"error_x\":{\"color\":\"#2a3f5f\"},\"error_y\":{\"color\":\"#2a3f5f\"},\"marker\":{\"line\":{\"color\":\"#E5ECF6\",\"width\":0.5},\"pattern\":{\"fillmode\":\"overlay\",\"size\":10,\"solidity\":0.2}},\"type\":\"bar\"}],\"scattergeo\":[{\"type\":\"scattergeo\",\"marker\":{\"colorbar\":{\"outlinewidth\":0,\"ticks\":\"\"}}}],\"scatterpolar\":[{\"type\":\"scatterpolar\",\"marker\":{\"colorbar\":{\"outlinewidth\":0,\"ticks\":\"\"}}}],\"histogram\":[{\"marker\":{\"pattern\":{\"fillmode\":\"overlay\",\"size\":10,\"solidity\":0.2}},\"type\":\"histogram\"}],\"scattergl\":[{\"type\":\"scattergl\",\"marker\":{\"colorbar\":{\"outlinewidth\":0,\"ticks\":\"\"}}}],\"scatter3d\":[{\"type\":\"scatter3d\",\"line\":{\"colorbar\":{\"outlinewidth\":0,\"ticks\":\"\"}},\"marker\":{\"colorbar\":{\"outlinewidth\":0,\"ticks\":\"\"}}}],\"scattermapbox\":[{\"type\":\"scattermapbox\",\"marker\":{\"colorbar\":{\"outlinewidth\":0,\"ticks\":\"\"}}}],\"scatterternary\":[{\"type\":\"scatterternary\",\"marker\":{\"colorbar\":{\"outlinewidth\":0,\"ticks\":\"\"}}}],\"scattercarpet\":[{\"type\":\"scattercarpet\",\"marker\":{\"colorbar\":{\"outlinewidth\":0,\"ticks\":\"\"}}}],\"carpet\":[{\"aaxis\":{\"endlinecolor\":\"#2a3f5f\",\"gridcolor\":\"white\",\"linecolor\":\"white\",\"minorgridcolor\":\"white\",\"startlinecolor\":\"#2a3f5f\"},\"baxis\":{\"endlinecolor\":\"#2a3f5f\",\"gridcolor\":\"white\",\"linecolor\":\"white\",\"minorgridcolor\":\"white\",\"startlinecolor\":\"#2a3f5f\"},\"type\":\"carpet\"}],\"table\":[{\"cells\":{\"fill\":{\"color\":\"#EBF0F8\"},\"line\":{\"color\":\"white\"}},\"header\":{\"fill\":{\"color\":\"#C8D4E3\"},\"line\":{\"color\":\"white\"}},\"type\":\"table\"}],\"barpolar\":[{\"marker\":{\"line\":{\"color\":\"#E5ECF6\",\"width\":0.5},\"pattern\":{\"fillmode\":\"overlay\",\"size\":10,\"solidity\":0.2}},\"type\":\"barpolar\"}],\"pie\":[{\"automargin\":true,\"type\":\"pie\"}]},\"layout\":{\"autotypenumbers\":\"strict\",\"colorway\":[\"#636efa\",\"#EF553B\",\"#00cc96\",\"#ab63fa\",\"#FFA15A\",\"#19d3f3\",\"#FF6692\",\"#B6E880\",\"#FF97FF\",\"#FECB52\"],\"font\":{\"color\":\"#2a3f5f\"},\"hovermode\":\"closest\",\"hoverlabel\":{\"align\":\"left\"},\"paper_bgcolor\":\"white\",\"plot_bgcolor\":\"#E5ECF6\",\"polar\":{\"bgcolor\":\"#E5ECF6\",\"angularaxis\":{\"gridcolor\":\"white\",\"linecolor\":\"white\",\"ticks\":\"\"},\"radialaxis\":{\"gridcolor\":\"white\",\"linecolor\":\"white\",\"ticks\":\"\"}},\"ternary\":{\"bgcolor\":\"#E5ECF6\",\"aaxis\":{\"gridcolor\":\"white\",\"linecolor\":\"white\",\"ticks\":\"\"},\"baxis\":{\"gridcolor\":\"white\",\"linecolor\":\"white\",\"ticks\":\"\"},\"caxis\":{\"gridcolor\":\"white\",\"linecolor\":\"white\",\"ticks\":\"\"}},\"coloraxis\":{\"colorbar\":{\"outlinewidth\":0,\"ticks\":\"\"}},\"colorscale\":{\"sequential\":[[0.0,\"#0d0887\"],[0.1111111111111111,\"#46039f\"],[0.2222222222222222,\"#7201a8\"],[0.3333333333333333,\"#9c179e\"],[0.4444444444444444,\"#bd3786\"],[0.5555555555555556,\"#d8576b\"],[0.6666666666666666,\"#ed7953\"],[0.7777777777777778,\"#fb9f3a\"],[0.8888888888888888,\"#fdca26\"],[1.0,\"#f0f921\"]],\"sequentialminus\":[[0.0,\"#0d0887\"],[0.1111111111111111,\"#46039f\"],[0.2222222222222222,\"#7201a8\"],[0.3333333333333333,\"#9c179e\"],[0.4444444444444444,\"#bd3786\"],[0.5555555555555556,\"#d8576b\"],[0.6666666666666666,\"#ed7953\"],[0.7777777777777778,\"#fb9f3a\"],[0.8888888888888888,\"#fdca26\"],[1.0,\"#f0f921\"]],\"diverging\":[[0,\"#8e0152\"],[0.1,\"#c51b7d\"],[0.2,\"#de77ae\"],[0.3,\"#f1b6da\"],[0.4,\"#fde0ef\"],[0.5,\"#f7f7f7\"],[0.6,\"#e6f5d0\"],[0.7,\"#b8e186\"],[0.8,\"#7fbc41\"],[0.9,\"#4d9221\"],[1,\"#276419\"]]},\"xaxis\":{\"gridcolor\":\"white\",\"linecolor\":\"white\",\"ticks\":\"\",\"title\":{\"standoff\":15},\"zerolinecolor\":\"white\",\"automargin\":true,\"zerolinewidth\":2},\"yaxis\":{\"gridcolor\":\"white\",\"linecolor\":\"white\",\"ticks\":\"\",\"title\":{\"standoff\":15},\"zerolinecolor\":\"white\",\"automargin\":true,\"zerolinewidth\":2},\"scene\":{\"xaxis\":{\"backgroundcolor\":\"#E5ECF6\",\"gridcolor\":\"white\",\"linecolor\":\"white\",\"showbackground\":true,\"ticks\":\"\",\"zerolinecolor\":\"white\",\"gridwidth\":2},\"yaxis\":{\"backgroundcolor\":\"#E5ECF6\",\"gridcolor\":\"white\",\"linecolor\":\"white\",\"showbackground\":true,\"ticks\":\"\",\"zerolinecolor\":\"white\",\"gridwidth\":2},\"zaxis\":{\"backgroundcolor\":\"#E5ECF6\",\"gridcolor\":\"white\",\"linecolor\":\"white\",\"showbackground\":true,\"ticks\":\"\",\"zerolinecolor\":\"white\",\"gridwidth\":2}},\"shapedefaults\":{\"line\":{\"color\":\"#2a3f5f\"}},\"annotationdefaults\":{\"arrowcolor\":\"#2a3f5f\",\"arrowhead\":0,\"arrowwidth\":1},\"geo\":{\"bgcolor\":\"white\",\"landcolor\":\"#E5ECF6\",\"subunitcolor\":\"white\",\"showland\":true,\"showlakes\":true,\"lakecolor\":\"white\"},\"title\":{\"x\":0.05},\"mapbox\":{\"style\":\"light\"}}},\"xaxis\":{\"anchor\":\"y\",\"domain\":[0.0,1.0],\"scaleanchor\":\"y\",\"constrain\":\"domain\"},\"yaxis\":{\"anchor\":\"x\",\"domain\":[0.0,1.0],\"autorange\":\"reversed\",\"constrain\":\"domain\"},\"coloraxis\":{\"colorscale\":[[0.0,\"rgb(247,252,245)\"],[0.125,\"rgb(229,245,224)\"],[0.25,\"rgb(199,233,192)\"],[0.375,\"rgb(161,217,155)\"],[0.5,\"rgb(116,196,118)\"],[0.625,\"rgb(65,171,93)\"],[0.75,\"rgb(35,139,69)\"],[0.875,\"rgb(0,109,44)\"],[1.0,\"rgb(0,68,27)\"]]},\"margin\":{\"t\":60},\"annotations\":[{\"font\":{\"color\":\"red\"},\"text\":\"1.0\",\"x\":0,\"y\":0},{\"font\":{\"color\":\"black\"},\"text\":\"0.6452\",\"x\":1,\"y\":0},{\"font\":{\"color\":\"black\"},\"text\":\"0.0732\",\"x\":2,\"y\":0},{\"font\":{\"color\":\"black\"},\"text\":\"0.2807\",\"x\":3,\"y\":0},{\"font\":{\"color\":\"black\"},\"text\":\"0.1962\",\"x\":4,\"y\":0},{\"font\":{\"color\":\"black\"},\"text\":\"0.2428\",\"x\":5,\"y\":0},{\"font\":{\"color\":\"black\"},\"text\":\"0.148\",\"x\":6,\"y\":0},{\"font\":{\"color\":\"black\"},\"text\":\"0.2253\",\"x\":7,\"y\":0},{\"font\":{\"color\":\"black\"},\"text\":\"0.1538\",\"x\":8,\"y\":0},{\"font\":{\"color\":\"black\"},\"text\":\"0.0205\",\"x\":9,\"y\":0},{\"font\":{\"color\":\"black\"},\"text\":\"-0.1343\",\"x\":10,\"y\":0},{\"font\":{\"color\":\"black\"},\"text\":\"-0.1271\",\"x\":11,\"y\":0},{\"font\":{\"color\":\"red\"},\"text\":\"0.812\",\"x\":12,\"y\":0},{\"font\":{\"color\":\"black\"},\"text\":\"0.5686\",\"x\":13,\"y\":0},{\"font\":{\"color\":\"black\"},\"text\":\"0.1409\",\"x\":14,\"y\":0},{\"font\":{\"color\":\"black\"},\"text\":\"0.1764\",\"x\":15,\"y\":0},{\"font\":{\"color\":\"black\"},\"text\":\"0.2511\",\"x\":16,\"y\":0},{\"font\":{\"color\":\"black\"},\"text\":\"0.1666\",\"x\":17,\"y\":0},{\"font\":{\"color\":\"black\"},\"text\":\"0.2192\",\"x\":18,\"y\":0},{\"font\":{\"color\":\"black\"},\"text\":\"0.6866\",\"x\":19,\"y\":0},{\"font\":{\"color\":\"black\"},\"text\":\"0.6452\",\"x\":0,\"y\":1},{\"font\":{\"color\":\"red\"},\"text\":\"1.0\",\"x\":1,\"y\":1},{\"font\":{\"color\":\"black\"},\"text\":\"0.1425\",\"x\":2,\"y\":1},{\"font\":{\"color\":\"black\"},\"text\":\"0.2695\",\"x\":3,\"y\":1},{\"font\":{\"color\":\"black\"},\"text\":\"0.2662\",\"x\":4,\"y\":1},{\"font\":{\"color\":\"black\"},\"text\":\"0.1429\",\"x\":5,\"y\":1},{\"font\":{\"color\":\"black\"},\"text\":\"0.1599\",\"x\":6,\"y\":1},{\"font\":{\"color\":\"black\"},\"text\":\"0.2193\",\"x\":7,\"y\":1},{\"font\":{\"color\":\"black\"},\"text\":\"0.2005\",\"x\":8,\"y\":1},{\"font\":{\"color\":\"black\"},\"text\":\"-0.0043\",\"x\":9,\"y\":1},{\"font\":{\"color\":\"black\"},\"text\":\"-0.0463\",\"x\":10,\"y\":1},{\"font\":{\"color\":\"black\"},\"text\":\"-0.0059\",\"x\":11,\"y\":1},{\"font\":{\"color\":\"black\"},\"text\":\"0.5618\",\"x\":12,\"y\":1},{\"font\":{\"color\":\"black\"},\"text\":\"0.7926\",\"x\":13,\"y\":1},{\"font\":{\"color\":\"black\"},\"text\":\"0.1465\",\"x\":14,\"y\":1},{\"font\":{\"color\":\"black\"},\"text\":\"0.2483\",\"x\":15,\"y\":1},{\"font\":{\"color\":\"black\"},\"text\":\"0.1387\",\"x\":16,\"y\":1},{\"font\":{\"color\":\"black\"},\"text\":\"0.2058\",\"x\":17,\"y\":1},{\"font\":{\"color\":\"black\"},\"text\":\"0.2199\",\"x\":18,\"y\":1},{\"font\":{\"color\":\"black\"},\"text\":\"0.6636\",\"x\":19,\"y\":1},{\"font\":{\"color\":\"black\"},\"text\":\"0.0732\",\"x\":0,\"y\":2},{\"font\":{\"color\":\"black\"},\"text\":\"0.1425\",\"x\":1,\"y\":2},{\"font\":{\"color\":\"red\"},\"text\":\"1.0\",\"x\":2,\"y\":2},{\"font\":{\"color\":\"black\"},\"text\":\"0.1594\",\"x\":3,\"y\":2},{\"font\":{\"color\":\"black\"},\"text\":\"0.7748\",\"x\":4,\"y\":2},{\"font\":{\"color\":\"black\"},\"text\":\"0.1764\",\"x\":5,\"y\":2},{\"font\":{\"color\":\"black\"},\"text\":\"0.1645\",\"x\":6,\"y\":2},{\"font\":{\"color\":\"black\"},\"text\":\"0.0211\",\"x\":7,\"y\":2},{\"font\":{\"color\":\"black\"},\"text\":\"-0.0357\",\"x\":8,\"y\":2},{\"font\":{\"color\":\"black\"},\"text\":\"0.0091\",\"x\":9,\"y\":2},{\"font\":{\"color\":\"black\"},\"text\":\"0.0466\",\"x\":10,\"y\":2},{\"font\":{\"color\":\"black\"},\"text\":\"-0.1272\",\"x\":11,\"y\":2},{\"font\":{\"color\":\"black\"},\"text\":\"0.0314\",\"x\":12,\"y\":2},{\"font\":{\"color\":\"black\"},\"text\":\"0.1355\",\"x\":13,\"y\":2},{\"font\":{\"color\":\"black\"},\"text\":\"0.1681\",\"x\":14,\"y\":2},{\"font\":{\"color\":\"black\"},\"text\":\"0.6873\",\"x\":15,\"y\":2},{\"font\":{\"color\":\"black\"},\"text\":\"0.138\",\"x\":16,\"y\":2},{\"font\":{\"color\":\"black\"},\"text\":\"-0.0371\",\"x\":17,\"y\":2},{\"font\":{\"color\":\"black\"},\"text\":\"-0.0333\",\"x\":18,\"y\":2},{\"font\":{\"color\":\"black\"},\"text\":\"0.2107\",\"x\":19,\"y\":2},{\"font\":{\"color\":\"black\"},\"text\":\"0.2807\",\"x\":0,\"y\":3},{\"font\":{\"color\":\"black\"},\"text\":\"0.2695\",\"x\":1,\"y\":3},{\"font\":{\"color\":\"black\"},\"text\":\"0.1594\",\"x\":2,\"y\":3},{\"font\":{\"color\":\"red\"},\"text\":\"1.0\",\"x\":3,\"y\":3},{\"font\":{\"color\":\"black\"},\"text\":\"0.5482\",\"x\":4,\"y\":3},{\"font\":{\"color\":\"black\"},\"text\":\"0.5028\",\"x\":5,\"y\":3},{\"font\":{\"color\":\"black\"},\"text\":\"0.3586\",\"x\":6,\"y\":3},{\"font\":{\"color\":\"black\"},\"text\":\"0.2537\",\"x\":7,\"y\":3},{\"font\":{\"color\":\"black\"},\"text\":\"0.1764\",\"x\":8,\"y\":3},{\"font\":{\"color\":\"black\"},\"text\":\"0.0616\",\"x\":9,\"y\":3},{\"font\":{\"color\":\"black\"},\"text\":\"-0.0112\",\"x\":10,\"y\":3},{\"font\":{\"color\":\"black\"},\"text\":\"-0.0634\",\"x\":11,\"y\":3},{\"font\":{\"color\":\"black\"},\"text\":\"0.2696\",\"x\":12,\"y\":3},{\"font\":{\"color\":\"black\"},\"text\":\"0.2515\",\"x\":13,\"y\":3},{\"font\":{\"color\":\"black\"},\"text\":\"0.3822\",\"x\":14,\"y\":3},{\"font\":{\"color\":\"black\"},\"text\":\"0.498\",\"x\":15,\"y\":3},{\"font\":{\"color\":\"black\"},\"text\":\"0.4851\",\"x\":16,\"y\":3},{\"font\":{\"color\":\"black\"},\"text\":\"0.2219\",\"x\":17,\"y\":3},{\"font\":{\"color\":\"black\"},\"text\":\"0.2211\",\"x\":18,\"y\":3},{\"font\":{\"color\":\"black\"},\"text\":\"0.3479\",\"x\":19,\"y\":3},{\"font\":{\"color\":\"black\"},\"text\":\"0.1962\",\"x\":0,\"y\":4},{\"font\":{\"color\":\"black\"},\"text\":\"0.2662\",\"x\":1,\"y\":4},{\"font\":{\"color\":\"black\"},\"text\":\"0.7748\",\"x\":2,\"y\":4},{\"font\":{\"color\":\"black\"},\"text\":\"0.5482\",\"x\":3,\"y\":4},{\"font\":{\"color\":\"red\"},\"text\":\"1.0\",\"x\":4,\"y\":4},{\"font\":{\"color\":\"black\"},\"text\":\"0.3771\",\"x\":5,\"y\":4},{\"font\":{\"color\":\"black\"},\"text\":\"0.303\",\"x\":6,\"y\":4},{\"font\":{\"color\":\"black\"},\"text\":\"0.153\",\"x\":7,\"y\":4},{\"font\":{\"color\":\"black\"},\"text\":\"0.072\",\"x\":8,\"y\":4},{\"font\":{\"color\":\"black\"},\"text\":\"0.0395\",\"x\":9,\"y\":4},{\"font\":{\"color\":\"black\"},\"text\":\"0.0501\",\"x\":10,\"y\":4},{\"font\":{\"color\":\"black\"},\"text\":\"-0.1192\",\"x\":11,\"y\":4},{\"font\":{\"color\":\"black\"},\"text\":\"0.1552\",\"x\":12,\"y\":4},{\"font\":{\"color\":\"black\"},\"text\":\"0.2445\",\"x\":13,\"y\":4},{\"font\":{\"color\":\"black\"},\"text\":\"0.312\",\"x\":14,\"y\":4},{\"font\":{\"color\":\"red\"},\"text\":\"0.8509\",\"x\":15,\"y\":4},{\"font\":{\"color\":\"black\"},\"text\":\"0.3389\",\"x\":16,\"y\":4},{\"font\":{\"color\":\"black\"},\"text\":\"0.0993\",\"x\":17,\"y\":4},{\"font\":{\"color\":\"black\"},\"text\":\"0.1031\",\"x\":18,\"y\":4},{\"font\":{\"color\":\"black\"},\"text\":\"0.3575\",\"x\":19,\"y\":4},{\"font\":{\"color\":\"black\"},\"text\":\"0.2428\",\"x\":0,\"y\":5},{\"font\":{\"color\":\"black\"},\"text\":\"0.1429\",\"x\":1,\"y\":5},{\"font\":{\"color\":\"black\"},\"text\":\"0.1764\",\"x\":2,\"y\":5},{\"font\":{\"color\":\"black\"},\"text\":\"0.5028\",\"x\":3,\"y\":5},{\"font\":{\"color\":\"black\"},\"text\":\"0.3771\",\"x\":4,\"y\":5},{\"font\":{\"color\":\"red\"},\"text\":\"1.0\",\"x\":5,\"y\":5},{\"font\":{\"color\":\"black\"},\"text\":\"0.2368\",\"x\":6,\"y\":5},{\"font\":{\"color\":\"black\"},\"text\":\"0.2931\",\"x\":7,\"y\":5},{\"font\":{\"color\":\"black\"},\"text\":\"0.0415\",\"x\":8,\"y\":5},{\"font\":{\"color\":\"black\"},\"text\":\"0.1222\",\"x\":9,\"y\":5},{\"font\":{\"color\":\"black\"},\"text\":\"-0.0196\",\"x\":10,\"y\":5},{\"font\":{\"color\":\"black\"},\"text\":\"-0.0306\",\"x\":11,\"y\":5},{\"font\":{\"color\":\"black\"},\"text\":\"0.255\",\"x\":12,\"y\":5},{\"font\":{\"color\":\"black\"},\"text\":\"0.1255\",\"x\":13,\"y\":5},{\"font\":{\"color\":\"black\"},\"text\":\"0.2642\",\"x\":14,\"y\":5},{\"font\":{\"color\":\"black\"},\"text\":\"0.3223\",\"x\":15,\"y\":5},{\"font\":{\"color\":\"red\"},\"text\":\"0